V137445910	201704	2017-04-28	C	01	J304893574	666	666	6600.00	5000.00	600.00	0	20170400000007	1000.00	12.00	0	

V137445910	201704	2017-04-28	C	03	J304893574	444	444	2180.00	1500.00	180.00	8888	20170400000007	500.00	12.00	0	

V137445910	201704	2017-04-29	C	01	V45121330	881111	00-881111	894812.80	798940.00	95872.80	0	20170400000008	0.00	12.00	0	

V137445910	201704	2017-04-29	C	01	E123456789	2323	2323	26017.60	23230.00	2787.60	0	20170400000009	0.00	12.00	0	

V137445910	201704	2017-03-02	C	01	J304893574	76767	76767	85982.40	76770.00	9212.40	0	20170400000011	0.00	12.00	0	

V137445910	201704	2017-03-29	C	01	J304893574	4444	4444	62216.00	55550.00	6666.00	0	20170400000010	0.00	12.00	0	

V137445910	201704	2017-03-01	C	01	J445566778	65656	5656	63347.20	56560.00	6787.20	0	20170400000012	0.00	12.00	0	

